arr = [
    [1, 1, 1, 0, 0, 0],
    [0, 1, 0, 0, 0, 0],
    [1, 1, 1, 0, 0, 0],
    [0, 0, 2, 4, 4, 0],
    [0, 0, 0, 2, 0, 0],
    [0, 0, 1, 2, 4 0]
]
for arr[i][j] = [[i, j], [i, j+1], [i, j +2], [i+1, j], [i+2, j], [i+2, j + 1], [i+2, j+2]]
for arr[0][0] = [[0,0], [0, 1], [0, 2], [1,1], [2,0], [2,1], [2,2]]
for arr[0][1] = [[0,1], [0, 2], [0, 3], [1,2], [2,1], [2,2], [2,3]]
for arr[0][2] = [[0,2], [0, 3], [0, 4], [1,3], [2,2], [2,3], [2,4]]
for arr[0][3] = [[0,3], [0, 4], [0, 5], [1,4], [2,3], [2,4], [2,5]]
for arr[1][0] = [[1,0], [1, 1], [1, 2], [2,1], [3,0], [3,1], [3,2]]



